MTP
version = 1.1.0
potential_name = MTP1m
scaling = 1.372267114088218e-02
species_count = 1
potential_tag = 
radial_basis_type = RBChebyshev
	min_dist = 2.800000000000000e+00
	max_dist = 5.000000000000000e+00
	radial_basis_size = 8
	radial_funcs_count = 2
	radial_coeffs
		0-0
			{-3.076393792929092e-01, 4.001066634328182e-01, -4.488281501464812e-01, -3.364133675642156e-01, 4.041784154650630e-01, -2.106812543723869e-01, -1.785311786198935e-01, -4.370718967560636e-01}
			{3.626931788028406e-01, 3.940506460149137e-01, -3.139041736811997e-01, 8.820766543054302e-02, -1.210948478774046e-02, -1.640304230002739e-02, -5.281087677275444e-01, 5.723170040814006e-01}
alpha_moments_count = 18
alpha_index_basic_count = 11
alpha_index_basic = {{0, 0, 0, 0}, {0, 1, 0, 0}, {0, 0, 1, 0}, {0, 0, 0, 1}, {0, 2, 0, 0}, {0, 1, 1, 0}, {0, 1, 0, 1}, {0, 0, 2, 0}, {0, 0, 1, 1}, {0, 0, 0, 2}, {1, 0, 0, 0}}
alpha_index_times_count = 14
alpha_index_times = {{0, 0, 1, 11}, {1, 1, 1, 12}, {2, 2, 1, 12}, {3, 3, 1, 12}, {4, 4, 1, 13}, {5, 5, 2, 13}, {6, 6, 2, 13}, {7, 7, 1, 13}, {8, 8, 2, 13}, {9, 9, 1, 13}, {0, 10, 1, 14}, {0, 11, 1, 15}, {0, 12, 1, 16}, {0, 15, 1, 17}}
alpha_scalar_moments = 9
alpha_moment_mapping = {0, 10, 11, 12, 13, 14, 15, 16, 17}
species_coeffs = {-6.347051582371071e+00}
moment_coeffs = {3.896444419986206e-01, 2.587573548015971e+00, -1.604264432497597e+00, 9.607144104725008e-01, -8.259072242912807e-02, 2.670994735130310e+00, 4.044557573747763e+00, 1.511618225374899e+00, 5.388539736459968e+00}