MTP
version = 1.1.0
potential_name = MTP1m
scaling = 7.080596892968119e-02
species_count = 1
potential_tag = 
radial_basis_type = RBChebyshev
	min_dist = 2.358145966405545e+00
	max_dist = 5.000000000000000e+00
	radial_basis_size = 8
	radial_funcs_count = 2
	radial_coeffs
		0-0
			{-3.920935143759895e-01, -8.455958635121945e-01, -7.974613928370740e-02, 4.782208552330019e-02, 2.695376974744100e-01, 2.029158374931281e-01, 9.345719322821774e-02, 4.925217706571595e-03}
			{-4.550095694247853e-01, 2.633220322137282e-01, 7.554593819640300e-01, -3.422755956958439e-02, 8.624385427330036e-02, 3.076974198238572e-01, 2.160257219486620e-01, 5.435602580695520e-02}
alpha_moments_count = 18
alpha_index_basic_count = 11
alpha_index_basic = {{0, 0, 0, 0}, {0, 1, 0, 0}, {0, 0, 1, 0}, {0, 0, 0, 1}, {0, 2, 0, 0}, {0, 1, 1, 0}, {0, 1, 0, 1}, {0, 0, 2, 0}, {0, 0, 1, 1}, {0, 0, 0, 2}, {1, 0, 0, 0}}
alpha_index_times_count = 14
alpha_index_times = {{0, 0, 1, 11}, {1, 1, 1, 12}, {2, 2, 1, 12}, {3, 3, 1, 12}, {4, 4, 1, 13}, {5, 5, 2, 13}, {6, 6, 2, 13}, {7, 7, 1, 13}, {8, 8, 2, 13}, {9, 9, 1, 13}, {0, 10, 1, 14}, {0, 11, 1, 15}, {0, 12, 1, 16}, {0, 15, 1, 17}}
alpha_scalar_moments = 9
alpha_moment_mapping = {0, 10, 11, 12, 13, 14, 15, 16, 17}
species_coeffs = {-5.083195652936274e+00}
moment_coeffs = {-1.981326493521663e+00, 6.532418654351706e-01, 1.956629480577695e+00, 2.916690451023867e-01, 5.185244761758231e-01, -5.961917386357064e-01, -2.364074135896726e+00, -1.015051229902336e+00, -2.746997756940913e+00}