MTP
version = 1.1.0
potential_name = MTP1m
scaling = 4.063703450968852e-02
species_count = 1
potential_tag = 
radial_basis_type = RBChebyshev
	min_dist = 2.381587558840302e+00
	max_dist = 5.000000000000000e+00
	radial_basis_size = 8
	radial_funcs_count = 3
	radial_coeffs
		0-0
			{-4.758272675601966e-01, -6.146864964926771e-01, -2.147872618350695e-01, -4.578569841901268e-01, -3.530867030030913e-01, -1.018222705733366e-01, 4.996786065048883e-02, 4.947276156816836e-02}
			{-2.806911317871787e-01, 1.995680599480219e-01, -8.394026693112695e-01, 2.651763468739476e-01, 1.720411354633166e-01, -8.654137321464533e-02, -2.302266179481100e-01, -1.279761064226842e-01}
			{-7.002682835256034e-01, 6.148512553977914e-01, 3.042963785019744e-01, -1.478126668016577e-01, -1.269643444102488e-01, 2.171689742498821e-02, 1.426902210937602e-02, -1.849919485223125e-02}
alpha_moments_count = 41
alpha_index_basic_count = 25
alpha_index_basic = {{0, 0, 0, 0}, {0, 1, 0, 0}, {0, 0, 1, 0}, {0, 0, 0, 1}, {0, 2, 0, 0}, {0, 1, 1, 0}, {0, 1, 0, 1}, {0, 0, 2, 0}, {0, 0, 1, 1}, {0, 0, 0, 2}, {0, 3, 0, 0}, {0, 2, 1, 0}, {0, 2, 0, 1}, {0, 1, 2, 0}, {0, 1, 1, 1}, {0, 1, 0, 2}, {0, 0, 3, 0}, {0, 0, 2, 1}, {0, 0, 1, 2}, {0, 0, 0, 3}, {1, 0, 0, 0}, {1, 1, 0, 0}, {1, 0, 1, 0}, {1, 0, 0, 1}, {2, 0, 0, 0}}
alpha_index_times_count = 42
alpha_index_times = {{0, 0, 1, 25}, {1, 1, 1, 26}, {2, 2, 1, 26}, {3, 3, 1, 26}, {1, 4, 1, 27}, {2, 5, 1, 27}, {3, 6, 1, 27}, {1, 5, 1, 28}, {2, 7, 1, 28}, {3, 8, 1, 28}, {1, 6, 1, 29}, {2, 8, 1, 29}, {3, 9, 1, 29}, {4, 4, 1, 30}, {5, 5, 2, 30}, {6, 6, 2, 30}, {7, 7, 1, 30}, {8, 8, 2, 30}, {9, 9, 1, 30}, {10, 10, 1, 31}, {11, 11, 3, 31}, {12, 12, 3, 31}, {13, 13, 3, 31}, {14, 14, 6, 31}, {15, 15, 3, 31}, {16, 16, 1, 31}, {17, 17, 3, 31}, {18, 18, 3, 31}, {19, 19, 1, 31}, {0, 20, 1, 32}, {1, 21, 1, 33}, {2, 22, 1, 33}, {3, 23, 1, 33}, {0, 25, 1, 34}, {0, 26, 1, 35}, {0, 30, 1, 36}, {1, 27, 1, 37}, {2, 28, 1, 37}, {3, 29, 1, 37}, {0, 32, 1, 38}, {0, 34, 1, 39}, {0, 35, 1, 40}}
alpha_scalar_moments = 16
alpha_moment_mapping = {0, 20, 24, 25, 26, 30, 31, 32, 33, 34, 35, 36, 37, 38, 39, 40}
species_coeffs = {-1.817354490099914e+01}
moment_coeffs = {-7.690659446627097e+01, -5.387715567548468e+00, 1.593009533974507e+00, -1.381046878126645e+02, 4.185391354417826e+00, -9.663220603297550e+00, 2.337580969144256e+00, -1.220083658787252e+01, -7.082702167114695e-01, -1.047412431146440e+02, 4.536843165414575e+01, -1.242436467184499e+01, 9.201765317071510e+00, -6.570305500312239e+00, -2.996537664870722e+01, 5.024794078585068e+01}