MTP
version = 1.1.0
potential_name = MTP1m
scaling = 1.112297402822629e-01
species_count = 1
potential_tag = 
radial_basis_type = RBChebyshev
	min_dist = 2.800000000000000e+00
	max_dist = 5.000000000000000e+00
	radial_basis_size = 8
	radial_funcs_count = 3
	radial_coeffs
		0-0
			{-2.955906696035363e-01, -4.047901770522487e-01, -1.935052474110015e-01, 1.950814706669994e-01, 4.139051661158316e-01, 4.874048101965926e-01, 2.968948929940228e-01, -4.198124507516032e-01}
			{6.463420787057212e-01, -5.136764528902250e-03, 3.763722291532089e-02, 3.066076607083020e-01, -2.199093646906019e-01, 4.174338309614964e-01, 4.448680471185485e-01, 2.574334879806059e-01}
			{9.183954998990429e-02, 6.137918011489855e-01, -1.273040173316461e-01, -3.635980081993872e-01, 4.992000755923763e-01, 4.289013895259064e-01, -1.063806472244775e-01, 1.481260854542926e-01}
alpha_moments_count = 41
alpha_index_basic_count = 25
alpha_index_basic = {{0, 0, 0, 0}, {0, 1, 0, 0}, {0, 0, 1, 0}, {0, 0, 0, 1}, {0, 2, 0, 0}, {0, 1, 1, 0}, {0, 1, 0, 1}, {0, 0, 2, 0}, {0, 0, 1, 1}, {0, 0, 0, 2}, {0, 3, 0, 0}, {0, 2, 1, 0}, {0, 2, 0, 1}, {0, 1, 2, 0}, {0, 1, 1, 1}, {0, 1, 0, 2}, {0, 0, 3, 0}, {0, 0, 2, 1}, {0, 0, 1, 2}, {0, 0, 0, 3}, {1, 0, 0, 0}, {1, 1, 0, 0}, {1, 0, 1, 0}, {1, 0, 0, 1}, {2, 0, 0, 0}}
alpha_index_times_count = 42
alpha_index_times = {{0, 0, 1, 25}, {1, 1, 1, 26}, {2, 2, 1, 26}, {3, 3, 1, 26}, {1, 4, 1, 27}, {2, 5, 1, 27}, {3, 6, 1, 27}, {1, 5, 1, 28}, {2, 7, 1, 28}, {3, 8, 1, 28}, {1, 6, 1, 29}, {2, 8, 1, 29}, {3, 9, 1, 29}, {4, 4, 1, 30}, {5, 5, 2, 30}, {6, 6, 2, 30}, {7, 7, 1, 30}, {8, 8, 2, 30}, {9, 9, 1, 30}, {10, 10, 1, 31}, {11, 11, 3, 31}, {12, 12, 3, 31}, {13, 13, 3, 31}, {14, 14, 6, 31}, {15, 15, 3, 31}, {16, 16, 1, 31}, {17, 17, 3, 31}, {18, 18, 3, 31}, {19, 19, 1, 31}, {0, 20, 1, 32}, {1, 21, 1, 33}, {2, 22, 1, 33}, {3, 23, 1, 33}, {0, 25, 1, 34}, {0, 26, 1, 35}, {0, 30, 1, 36}, {1, 27, 1, 37}, {2, 28, 1, 37}, {3, 29, 1, 37}, {0, 32, 1, 38}, {0, 34, 1, 39}, {0, 35, 1, 40}}
alpha_scalar_moments = 16
alpha_moment_mapping = {0, 20, 24, 25, 26, 30, 31, 32, 33, 34, 35, 36, 37, 38, 39, 40}
species_coeffs = {-5.998958114442815e+00}
moment_coeffs = {1.560795679355986e+00, -1.770416280736188e-01, 1.019491880186143e-01, 6.836584045572265e-01, -2.362484450429933e+00, 8.767495780486992e-01, -2.562091155602336e-03, -1.347016143373619e-01, -6.869285656688286e-03, -7.322702662705452e-02, -3.938790209526552e+00, 7.313062828380604e-01, 4.076336636590186e-02, -5.253173934434321e-02, -1.559156168455430e-02, -1.634919078929588e+00}